2 951 607 150 80 
2 528 159 179 95 
2 482 395 154 71 
2 236 416 177 80 
2 850 630 153 82 
2 770 517 158 88 
2 759 128 163 82 
2 213 244 141 75 
2 99 367 136 82 
2 92 248 175 67 
2 119 297 169 82 
2 87 170 173 80 
2 638 441 170 83 
2 294 628 174 90 
2 997 394 210 73 
2 179 656 172 66 
2 739 70 172 71 
0 1124 303 30 74 
2 386 606 163 94 
5 280 -5 379 141 
2 -1 382 154 86 
2 1026 459 182 82 
2 437 105 157 83 
2 471 324 149 75 
0 906 290 32 77 
2 287 381 172 78 
2 654 524 153 93 
2 753 638 127 71 
2 580 543 158 101 
2 611 378 182 80 
2 347 329 154 84 
2 586 635 187 82 
2 -3 141 67 66 
2 377 163 156 72 
0 1198 301 32 80 
5 82 44 258 188 
2 136 9 130 50 
0 1020 226 35 79 
0 315 462 41 82 
0 951 243 31 77 
2 481 462 174 96 
2 437 566 174 89 
2 315 209 149 73 
2 -3 316 78 75 
5 2 0 132 82 
2 1127 583 152 95 
2 837 391 161 77 
2 1159 427 129 107 
0 767 390 26 61 
2 523 675 155 43 
2 867 0 172 73 
2 813 460 188 94 
2 -3 209 96 106 
2 988 674 221 45 
2 1093 530 167 72 
2 1124 19 106 85 
2 1135 378 134 63 
0 1026 327 22 33 
3 748 311 44 56 
3 657 294 45 57 
0 904 150 23 67 
3 721 321 50 58 
0 988 278 22 69 
2 954 31 135 69 
2 1134 679 119 41 
2 -3 47 78 92 
0 370 467 33 71 
